DSS:
1.63	3.25	-0.04째
3.46	6.27	-0.08째
5.62	9.91	-0.16째
5.89	12.72	-0.19째
7.00	16.28	-0.26째
6.30	18.93	-0.31째
11.21	22.20	-0.31째
11.26	23.70	-0.35째
14.20	26.90	-0.43째
13.78	30.07	-0.53째
12.80	27.81	-0.38째
18.35	36.26	-0.58째

star_align:
1.67      3.28     -0.04      88
3.45      6.85     -0.10      88
5.78     10.11     -0.15      88
5.72     13.99     -0.22      88
7.37     16.45     -0.25      88
6.19     19.80     -0.31      85
10.86     22.25     -0.36      88
11.98     25.15     -0.41      87
12.43     25.90     -0.38      88
14.53     29.80     -0.48      88
14.14     29.88     -0.43      88
17.58     34.11     -0.52      88

